# fraction_pct mean ci_low ci_high
0.000000 0.051228 0.051228 0.051228
1.010101 0.053177 0.053177 0.053177
2.020202 0.055244 0.055244 0.055244
3.030303 0.057311 0.057311 0.057311
4.040404 0.059378 0.059378 0.059378
5.050505 0.060914 0.060914 0.060914
6.060606 0.061428 0.061428 0.061428
7.070707 0.061942 0.061942 0.061942
8.080808 0.062456 0.062456 0.062456
9.090909 0.062955 0.062955 0.062955
10.101010 0.063411 0.063411 0.063411
11.111111 0.063867 0.063867 0.063867
12.121212 0.064323 0.064323 0.064323
13.131313 0.064745 0.064745 0.064745
14.141414 0.065013 0.065013 0.065013
15.151515 0.065281 0.065281 0.065281
16.161616 0.065549 0.065549 0.065549
17.171717 0.065888 0.065888 0.065888
18.181818 0.066928 0.066928 0.066928
19.191919 0.067968 0.067968 0.067968
20.202020 0.069008 0.069008 0.069008
21.212121 0.070048 0.070048 0.070048
22.222222 0.071353 0.071353 0.071353
23.232323 0.072661 0.072661 0.072661
24.242424 0.073968 0.073968 0.073968
25.252525 0.075275 0.075275 0.075275
26.262626 0.076072 0.076072 0.076072
27.272727 0.076762 0.076762 0.076762
28.282828 0.077453 0.077453 0.077453
29.292929 0.078143 0.078143 0.078143
30.303030 0.078397 0.078397 0.078397
31.313131 0.078470 0.078470 0.078470
32.323232 0.078542 0.078542 0.078542
33.333333 0.078615 0.078615 0.078615
34.343434 0.078725 0.078725 0.078725
35.353535 0.078882 0.078882 0.078882
36.363636 0.079040 0.079040 0.079040
37.373737 0.079197 0.079197 0.079197
38.383838 0.079346 0.079346 0.079346
39.393939 0.079482 0.079482 0.079482
40.404040 0.079618 0.079618 0.079618
41.414141 0.079754 0.079754 0.079754
42.424242 0.079885 0.079885 0.079885
43.434343 0.080005 0.080005 0.080005
44.444444 0.080126 0.080126 0.080126
45.454545 0.080246 0.080246 0.080246
46.464646 0.080462 0.080462 0.080462
47.474747 0.081033 0.081033 0.081033
48.484848 0.081603 0.081603 0.081603
49.494949 0.082174 0.082174 0.082174
50.505051 0.082743 0.082743 0.082743
51.515152 0.083308 0.083308 0.083308
52.525253 0.083873 0.083873 0.083873
53.535354 0.084438 0.084438 0.084438
54.545455 0.085006 0.085006 0.085006
55.555556 0.085608 0.085608 0.085608
56.565657 0.086210 0.086210 0.086210
57.575758 0.086813 0.086813 0.086813
58.585859 0.087415 0.087415 0.087415
59.595960 0.087919 0.087919 0.087919
60.606061 0.088423 0.088423 0.088423
61.616162 0.088926 0.088926 0.088926
62.626263 0.089430 0.089430 0.089430
63.636364 0.090191 0.090191 0.090191
64.646465 0.090985 0.090985 0.090985
65.656566 0.091780 0.091780 0.091780
66.666667 0.092575 0.092575 0.092575
67.676768 0.092731 0.092731 0.092731
68.686869 0.092731 0.092731 0.092731
69.696970 0.092731 0.092731 0.092731
70.707071 0.092731 0.092731 0.092731
71.717172 0.092731 0.092731 0.092731
72.727273 0.092731 0.092731 0.092731
73.737374 0.092731 0.092731 0.092731
74.747475 0.092731 0.092731 0.092731
75.757576 0.092731 0.092731 0.092731
76.767677 0.092731 0.092731 0.092731
77.777778 0.092731 0.092731 0.092731
78.787879 0.092731 0.092731 0.092731
79.797980 0.093835 0.093835 0.093835
80.808081 0.096134 0.096134 0.096134
81.818182 0.098433 0.098433 0.098433
82.828283 0.100732 0.100732 0.100732
83.838384 0.102332 0.102332 0.102332
84.848485 0.102884 0.102884 0.102884
85.858586 0.103436 0.103436 0.103436
86.868687 0.103988 0.103988 0.103988
87.878788 0.105224 0.105224 0.105224
88.888889 0.108049 0.108049 0.108049
89.898990 0.110875 0.110875 0.110875
90.909091 0.113701 0.113701 0.113701
91.919192 0.117969 0.117969 0.117969
92.929293 0.127531 0.127531 0.127531
93.939394 0.137092 0.137092 0.137092
94.949495 0.146653 0.146653 0.146653
95.959596 0.155531 0.155531 0.155531
96.969697 0.158257 0.158257 0.158257
97.979798 0.160983 0.160983 0.160983
98.989899 0.163709 0.163709 0.163709
100.000000 0.166435 0.166435 0.166435
