# time_s density
-3.97289185 0.000133838715
-3.9415193 0.000151658842
-3.91014675 0.000171682592
-3.8787742 0.000194158916
-3.84740166 0.000219361784
-3.81602911 0.000247592309
-3.78465656 0.000279181015
-3.75328401 0.000314490235
-3.72191146 0.000353916655
-3.69053891 0.000397893997
-3.65916636 0.000446895853
-3.62779381 0.000501438659
-3.59642126 0.000562084817
-3.56504871 0.000629445954
-3.53367616 0.000704186329
-3.50230362 0.00078702637
-3.47093107 0.000878746341
-3.43955852 0.000980190135
-3.40818597 0.00109226917
-3.37681342 0.0012159664
-3.34544087 0.00135234042
-3.31406832 0.00150252958
-3.28269577 0.00166775628
-3.25132322 0.00184933117
-3.21995067 0.00204865745
-3.18857813 0.0022672351
-3.15720558 0.00250666511
-3.12583303 0.00276865363
-3.09446048 0.003055016
-3.06308793 0.00336768066
-3.03171538 0.00370869286
-3.00034283 0.00408021816
-2.96897028 0.00448454569
-2.93759773 0.00492409102
-2.90622518 0.00540139879
-2.87485264 0.00591914481
-2.84348009 0.00648013776
-2.81210754 0.00708732035
-2.78073499 0.0077437699
-2.74936244 0.00845269829
-2.71798989 0.00921745119
-2.68661734 0.0100415066
-2.65524479 0.0109284724
-2.62387224 0.0118820833
-2.59249969 0.0129061966
-2.56112715 0.0140047871
-2.5297546 0.015181941
-2.49838205 0.0164418483
-2.4670095 0.0177887949
-2.43563695 0.0192271524
-2.4042644 0.0207613678
-2.37289185 0.0223959509
-2.3415193 0.0241354612
-2.31014675 0.0259844931
-2.2787742 0.0279476597
-2.24740166 0.0300295757
-2.21602911 0.0322348384
-2.18465656 0.0345680077
-2.15328401 0.0370335848
-2.12191146 0.0396359899
-2.09053891 0.0423795377
-2.05916636 0.0452684134
-2.02779381 0.0483066457
-1.99642126 0.0514980806
-1.96504871 0.0548463531
-1.93367616 0.0583548582
-1.90230362 0.0620267224
-1.87093107 0.065864773
-1.83955852 0.069871508
-1.80818597 0.0740490661
-1.77681342 0.0783991955
-1.74544087 0.0829232237
-1.71406832 0.087622028
-1.68269577 0.0924960049
-1.65132322 0.0975450421
-1.61995067 0.102768491
-1.58857813 0.108165137
-1.55720558 0.113733181
-1.52583303 0.119470207
-1.49446048 0.125373168
-1.46308793 0.131438361
-1.43171538 0.137661412
-1.40034283 0.144037262
-1.36897028 0.150560152
-1.33759773 0.157223617
-1.30622518 0.164020479
-1.27485264 0.170942841
-1.24348009 0.177982093
-1.21210754 0.185128915
-1.18073499 0.192373281
-1.14936244 0.199704476
-1.11798989 0.207111111
-1.08661734 0.214581141
-1.05524479 0.222101888
-1.02387224 0.229660076
-0.992499694 0.237241854
-0.961127145 0.244832837
-0.929754596 0.252418146
-0.898382047 0.259982449
-0.867009498 0.267510012
-0.835636949 0.274984746
-0.8042644 0.282390262
-0.772891851 0.289709929
-0.741519302 0.296926935
-0.710146753 0.304024346
-0.678774204 0.310985171
-0.647401655 0.317792432
-0.616029106 0.324429227
-0.584656557 0.330878802
-0.553284008 0.337124619
-0.521911459 0.343150427
-0.49053891 0.348940332
-0.459166361 0.354478866
-0.427793812 0.359751056
-0.396421263 0.36474249
-0.365048714 0.369439383
-0.333676165 0.373828643
-0.302303616 0.377897926
-0.270931067 0.381635701
-0.239558518 0.385031297
-0.208185969 0.38807496
-0.17681342 0.390757895
-0.145440871 0.393072312
-0.114068322 0.395011461
-0.0826957727 0.396569666
-0.0513232236 0.397742352
-0.0199506746 0.398526068
0.0114218744 0.398918505
0.0427944234 0.398918505
0.0741669724 0.398526068
0.105539521 0.397742352
0.13691207 0.396569666
0.168284619 0.395011461
0.199657169 0.393072312
0.231029718 0.390757895
0.262402267 0.38807496
0.293774816 0.385031297
0.325147365 0.381635701
0.356519914 0.377897926
0.387892463 0.373828643
0.419265012 0.369439383
0.450637561 0.36474249
0.48201011 0.359751056
0.513382659 0.354478866
0.544755208 0.348940332
0.576127757 0.343150427
0.607500306 0.337124619
0.638872855 0.330878802
0.670245404 0.324429227
0.701617953 0.317792432
0.732990502 0.310985171
0.764363051 0.304024346
0.7957356 0.296926935
0.827108149 0.289709929
0.858480698 0.282390262
0.889853247 0.274984746
0.921225796 0.267510012
0.952598345 0.259982449
0.983970894 0.252418146
1.01534344 0.244832837
1.04671599 0.237241854
1.07808854 0.229660076
1.10946109 0.222101888
1.14083364 0.214581141
1.17220619 0.207111111
1.20357874 0.199704476
1.23495129 0.192373281
1.26632384 0.185128915
1.29769638 0.177982093
1.32906893 0.170942841
1.36044148 0.164020479
1.39181403 0.157223617
1.42318658 0.150560152
1.45455913 0.144037262
1.48593168 0.137661412
1.51730423 0.131438361
1.54867678 0.125373168
1.58004933 0.119470207
1.61142187 0.113733181
1.64279442 0.108165137
1.67416697 0.102768491
1.70553952 0.0975450421
1.73691207 0.0924960049
1.76828462 0.087622028
1.79965717 0.0829232237
1.83102972 0.0783991955
1.86240227 0.0740490661
1.89377482 0.069871508
1.92514736 0.065864773
1.95651991 0.0620267224
1.98789246 0.0583548582
2.01926501 0.0548463531
2.05063756 0.0514980806
2.08201011 0.0483066457
2.11338266 0.0452684134
2.14475521 0.0423795377
2.17612776 0.0396359899
2.20750031 0.0370335848
2.23887285 0.0345680077
2.2702454 0.0322348384
2.30161795 0.0300295757
2.3329905 0.0279476597
2.36436305 0.0259844931
2.3957356 0.0241354612
2.42710815 0.0223959509
2.4584807 0.0207613678
2.48985325 0.0192271524
2.5212258 0.0177887949
2.55259834 0.0164418483
2.58397089 0.015181941
2.61534344 0.0140047871
2.64671599 0.0129061966
2.67808854 0.0118820833
2.70946109 0.0109284724
2.74083364 0.0100415066
2.77220619 0.00921745119
2.80357874 0.00845269829
2.83495129 0.0077437699
2.86632384 0.00708732035
2.89769638 0.00648013776
2.92906893 0.00591914481
2.96044148 0.00540139879
2.99181403 0.00492409102
3.02318658 0.00448454569
3.05455913 0.00408021816
3.08593168 0.00370869286
3.11730423 0.00336768066
3.14867678 0.003055016
3.18004933 0.00276865363
3.21142187 0.00250666511
3.24279442 0.0022672351
3.27416697 0.00204865745
3.30553952 0.00184933117
3.33691207 0.00166775628
3.36828462 0.00150252958
3.39965717 0.00135234042
3.43102972 0.0012159664
3.46240227 0.00109226917
3.49377482 0.000980190135
3.52514736 0.000878746341
3.55651991 0.00078702637
3.58789246 0.000704186329
3.61926501 0.000629445954
3.65063756 0.000562084817
3.68201011 0.000501438659
3.71338266 0.000446895853
3.74475521 0.000397893997
3.77612776 0.000353916655
3.80750031 0.000314490235
3.83887285 0.000279181015
3.8702454 0.000247592309
3.90161795 0.000219361784
3.9329905 0.000194158916
3.96436305 0.000171682592
3.9957356 0.000151658842
4.02710815 0.000133838715
