# fraction_pct mean ci_low ci_high
0.000000 0.000000 0.000000 0.000000
1.010101 0.000000 0.000000 0.000000
2.020202 0.000000 0.000000 0.000000
3.030303 0.000000 0.000000 0.000000
4.040404 0.000000 0.000000 0.000000
5.050505 0.000000 0.000000 0.000000
6.060606 0.000000 0.000000 0.000000
7.070707 0.000000 0.000000 0.000000
8.080808 0.000000 0.000000 0.000000
9.090909 0.000000 0.000000 0.000000
10.101010 0.000000 0.000000 0.000000
11.111111 0.000000 0.000000 0.000000
12.121212 0.000000 0.000000 0.000000
13.131313 0.000000 0.000000 0.000000
14.141414 0.000001 0.000001 0.000001
15.151515 0.000002 0.000002 0.000002
16.161616 0.000004 0.000004 0.000004
17.171717 0.000007 0.000007 0.000007
18.181818 0.000008 0.000008 0.000008
19.191919 0.000009 0.000009 0.000009
20.202020 0.000011 0.000011 0.000011
21.212121 0.000014 0.000014 0.000014
22.222222 0.000016 0.000016 0.000016
23.232323 0.000017 0.000017 0.000017
24.242424 0.000018 0.000018 0.000018
25.252525 0.000022 0.000022 0.000022
26.262626 0.000022 0.000022 0.000022
27.272727 0.000025 0.000025 0.000025
28.282828 0.000027 0.000027 0.000027
29.292929 0.000028 0.000028 0.000028
30.303030 0.000029 0.000029 0.000029
31.313131 0.000032 0.000032 0.000032
32.323232 0.000034 0.000034 0.000034
33.333333 0.000036 0.000036 0.000036
34.343434 0.000037 0.000037 0.000037
35.353535 0.000038 0.000038 0.000038
36.363636 0.000041 0.000041 0.000041
37.373737 0.000042 0.000042 0.000042
38.383838 0.000045 0.000045 0.000045
39.393939 0.000047 0.000047 0.000047
40.404040 0.000049 0.000049 0.000049
41.414141 0.000051 0.000051 0.000051
42.424242 0.000053 0.000053 0.000053
43.434343 0.000055 0.000055 0.000055
44.444444 0.000057 0.000057 0.000057
45.454545 0.000059 0.000059 0.000059
46.464646 0.000061 0.000061 0.000061
47.474747 0.000063 0.000063 0.000063
48.484848 0.000065 0.000065 0.000065
49.494949 0.000067 0.000067 0.000067
50.505051 0.000068 0.000068 0.000068
51.515152 0.000070 0.000070 0.000070
52.525253 0.000072 0.000072 0.000072
53.535354 0.000074 0.000074 0.000074
54.545455 0.000075 0.000075 0.000075
55.555556 0.000077 0.000077 0.000077
56.565657 0.000080 0.000080 0.000080
57.575758 0.000082 0.000082 0.000082
58.585859 0.000083 0.000083 0.000083
59.595960 0.000085 0.000085 0.000085
60.606061 0.000086 0.000086 0.000086
61.616162 0.000087 0.000087 0.000087
62.626263 0.000089 0.000089 0.000089
63.636364 0.000091 0.000091 0.000091
64.646465 0.000094 0.000094 0.000094
65.656566 0.000095 0.000095 0.000095
66.666667 0.000097 0.000097 0.000097
67.676768 0.000099 0.000099 0.000099
68.686869 0.000100 0.000100 0.000100
69.696970 0.000100 0.000100 0.000100
70.707071 0.000104 0.000104 0.000104
71.717172 0.000105 0.000105 0.000105
72.727273 0.000106 0.000106 0.000106
73.737374 0.000108 0.000108 0.000108
74.747475 0.000110 0.000110 0.000110
75.757576 0.000112 0.000112 0.000112
76.767677 0.000114 0.000114 0.000114
77.777778 0.000116 0.000116 0.000116
78.787879 0.000118 0.000118 0.000118
79.797980 0.000119 0.000119 0.000119
80.808081 0.000121 0.000121 0.000121
81.818182 0.000123 0.000123 0.000123
82.828283 0.000124 0.000124 0.000124
83.838384 0.000126 0.000126 0.000126
84.848485 0.000128 0.000128 0.000128
85.858586 0.000130 0.000130 0.000130
86.868687 0.000131 0.000131 0.000131
87.878788 0.000133 0.000133 0.000133
88.888889 0.000135 0.000135 0.000135
89.898990 0.000136 0.000136 0.000136
90.909091 0.000139 0.000139 0.000139
91.919192 0.000140 0.000140 0.000140
92.929293 0.000142 0.000142 0.000142
93.939394 0.000143 0.000143 0.000143
94.949495 0.000145 0.000145 0.000145
95.959596 0.000147 0.000147 0.000147
96.969697 0.000149 0.000149 0.000149
97.979798 0.000150 0.000150 0.000150
98.989899 0.000152 0.000152 0.000152
100.000000 0.000154 0.000154 0.000154
