# fraction_pct mean ci_low ci_high
0.000000 0.051632 0.051632 0.051632
1.010101 0.059860 0.059860 0.059860
2.020202 0.063569 0.063569 0.063569
3.030303 0.065976 0.065976 0.065976
4.040404 0.069750 0.069750 0.069750
5.050505 0.073056 0.073056 0.073056
6.060606 0.077817 0.077817 0.077817
7.070707 0.079793 0.079793 0.079793
8.080808 0.080769 0.080769 0.080769
9.090909 0.082260 0.082260 0.082260
10.101010 0.083806 0.083806 0.083806
11.111111 0.085806 0.085806 0.085806
12.121212 0.088169 0.088169 0.088169
13.131313 0.110300 0.110300 0.110300
14.141414 0.139169 0.139169 0.139169
15.151515 0.158487 0.158487 0.158487
16.161616 0.168217 0.168217 0.168217
17.171717 0.173193 0.173193 0.173193
18.181818 0.177262 0.177262 0.177262
19.191919 0.180205 0.180205 0.180205
20.202020 0.181256 0.181256 0.181256
21.212121 0.182905 0.182905 0.182905
22.222222 0.185269 0.185269 0.185269
23.232323 0.185720 0.185720 0.185720
24.242424 0.187287 0.187287 0.187287
25.252525 0.187733 0.187733 0.187733
26.262626 0.189321 0.189321 0.189321
27.272727 0.189331 0.189331 0.189331
28.282828 0.189331 0.189331 0.189331
29.292929 0.189331 0.189331 0.189331
30.303030 0.189331 0.189331 0.189331
31.313131 0.189331 0.189331 0.189331
32.323232 0.189331 0.189331 0.189331
33.333333 0.189331 0.189331 0.189331
34.343434 0.189331 0.189331 0.189331
35.353535 0.189331 0.189331 0.189331
36.363636 0.189331 0.189331 0.189331
37.373737 0.189655 0.189655 0.189655
38.383838 0.191373 0.191373 0.191373
39.393939 0.193111 0.193111 0.193111
40.404040 0.193241 0.193241 0.193241
41.414141 0.193241 0.193241 0.193241
42.424242 0.193241 0.193241 0.193241
43.434343 0.193243 0.193243 0.193243
44.444444 0.193951 0.193951 0.193951
45.454545 0.195198 0.195198 0.195198
46.464646 0.195198 0.195198 0.195198
47.474747 0.195198 0.195198 0.195198
48.484848 0.187636 0.187636 0.187636
49.494949 0.181187 0.181187 0.181187
50.505051 0.182465 0.182465 0.182465
51.515152 0.182666 0.182666 0.182666
52.525253 0.182678 0.182678 0.182678
53.535354 0.182686 0.182686 0.182686
54.545455 0.182701 0.182701 0.182701
55.555556 0.182715 0.182715 0.182715
56.565657 0.182726 0.182726 0.182726
57.575758 0.182751 0.182751 0.182751
58.585859 0.182807 0.182807 0.182807
59.595960 0.182840 0.182840 0.182840
60.606061 0.182850 0.182850 0.182850
61.616162 0.182867 0.182867 0.182867
62.626263 0.183557 0.183557 0.183557
63.636364 0.184910 0.184910 0.184910
64.646465 0.184913 0.184913 0.184913
65.656566 0.184950 0.184950 0.184950
66.666667 0.184978 0.184978 0.184978
67.676768 0.185000 0.185000 0.185000
68.686869 0.185013 0.185013 0.185013
69.696970 0.185020 0.185020 0.185020
70.707071 0.185034 0.185034 0.185034
71.717172 0.185046 0.185046 0.185046
72.727273 0.192747 0.192747 0.192747
73.737374 0.205368 0.205368 0.205368
74.747475 0.205373 0.205373 0.205373
75.757576 0.205403 0.205403 0.205403
76.767677 0.205409 0.205409 0.205409
77.777778 0.205435 0.205435 0.205435
78.787879 0.205471 0.205471 0.205471
79.797980 0.205512 0.205512 0.205512
80.808081 0.205752 0.205752 0.205752
81.818182 0.205940 0.205940 0.205940
82.828283 0.206015 0.206015 0.206015
83.838384 0.207298 0.207298 0.207298
84.848485 0.208019 0.208019 0.208019
85.858586 0.208061 0.208061 0.208061
86.868687 0.208077 0.208077 0.208077
87.878788 0.208085 0.208085 0.208085
88.888889 0.208088 0.208088 0.208088
89.898990 0.208088 0.208088 0.208088
90.909091 0.208088 0.208088 0.208088
91.919192 0.208088 0.208088 0.208088
92.929293 0.208088 0.208088 0.208088
93.939394 0.208090 0.208090 0.208090
94.949495 0.208189 0.208189 0.208189
95.959596 0.208370 0.208370 0.208370
96.969697 0.208370 0.208370 0.208370
97.979798 0.200213 0.200213 0.200213
98.989899 0.194042 0.194042 0.194042
100.000000 0.194054 0.194054 0.194054
