# time_s density
-2.21583516 0.000133838715
-2.18446261 0.000151658842
-2.15309006 0.000171682592
-2.12171751 0.000194158916
-2.09034496 0.000219361784
-2.05897241 0.000247592309
-2.02759986 0.000279181015
-1.99622731 0.000314490235
-1.96485476 0.000353916655
-1.93348221 0.000397893997
-1.90210967 0.000446895853
-1.87073712 0.000501438659
-1.83936457 0.000562084817
-1.80799202 0.000629445954
-1.77661947 0.000704186329
-1.74524692 0.00078702637
-1.71387437 0.000878746341
-1.68250182 0.000980190135
-1.65112927 0.00109226917
-1.61975672 0.0012159664
-1.58838418 0.00135234042
-1.55701163 0.00150252958
-1.52563908 0.00166775628
-1.49426653 0.00184933117
-1.46289398 0.00204865745
-1.43152143 0.0022672351
-1.40014888 0.00250666511
-1.36877633 0.00276865363
-1.33740378 0.003055016
-1.30603123 0.00336768066
-1.27465869 0.00370869286
-1.24328614 0.00408021816
-1.21191359 0.00448454569
-1.18054104 0.00492409102
-1.14916849 0.00540139879
-1.11779594 0.00591914481
-1.08642339 0.00648013776
-1.05505084 0.00708732035
-1.02367829 0.0077437699
-0.992305744 0.00845269829
-0.960933195 0.00921745119
-0.929560646 0.0100415066
-0.898188097 0.0109284724
-0.866815548 0.0118820833
-0.835442999 0.0129061966
-0.80407045 0.0140047871
-0.772697901 0.015181941
-0.741325352 0.0164418483
-0.709952803 0.0177887949
-0.678580254 0.0192271524
-0.647207705 0.0207613678
-0.615835156 0.0223959509
-0.584462607 0.0241354612
-0.553090058 0.0259844931
-0.521717509 0.0279476597
-0.49034496 0.0300295757
-0.458972411 0.0322348384
-0.427599862 0.0345680077
-0.396227313 0.0370335848
-0.364854764 0.0396359899
-0.333482215 0.0423795377
-0.302109666 0.0452684134
-0.270737117 0.0483066457
-0.239364568 0.0514980806
-0.207992019 0.0548463531
-0.17661947 0.0583548582
-0.145246921 0.0620267224
-0.113874372 0.065864773
-0.0825018226 0.069871508
-0.0511292736 0.0740490661
-0.0197567245 0.0783991955
0.0116158245 0.0829232237
0.0429883735 0.087622028
0.0743609225 0.0924960049
0.105733472 0.0975450421
0.137106021 0.102768491
0.16847857 0.108165137
0.199851119 0.113733181
0.231223668 0.119470207
0.262596217 0.125373168
0.293968766 0.131438361
0.325341315 0.137661412
0.356713864 0.144037262
0.388086413 0.150560152
0.419458962 0.157223617
0.450831511 0.164020479
0.48220406 0.170942841
0.513576609 0.177982093
0.544949158 0.185128915
0.576321707 0.192373281
0.607694256 0.199704476
0.639066805 0.207111111
0.670439354 0.214581141
0.701811903 0.222101888
0.733184452 0.229660076
0.764557001 0.237241854
0.79592955 0.244832837
0.827302099 0.252418146
0.858674648 0.259982449
0.890047197 0.267510012
0.921419746 0.274984746
0.952792295 0.282390262
0.984164844 0.289709929
1.01553739 0.296926935
1.04690994 0.304024346
1.07828249 0.310985171
1.10965504 0.317792432
1.14102759 0.324429227
1.17240014 0.330878802
1.20377269 0.337124619
1.23514524 0.343150427
1.26651779 0.348940332
1.29789033 0.354478866
1.32926288 0.359751056
1.36063543 0.36474249
1.39200798 0.369439383
1.42338053 0.373828643
1.45475308 0.377897926
1.48612563 0.381635701
1.51749818 0.385031297
1.54887073 0.38807496
1.58024328 0.390757895
1.61161582 0.393072312
1.64298837 0.395011461
1.67436092 0.396569666
1.70573347 0.397742352
1.73710602 0.398526068
1.76847857 0.398918505
1.79985112 0.398918505
1.83122367 0.398526068
1.86259622 0.397742352
1.89396877 0.396569666
1.92534131 0.395011461
1.95671386 0.393072312
1.98808641 0.390757895
2.01945896 0.38807496
2.05083151 0.385031297
2.08220406 0.381635701
2.11357661 0.377897926
2.14494916 0.373828643
2.17632171 0.369439383
2.20769426 0.36474249
2.2390668 0.359751056
2.27043935 0.354478866
2.3018119 0.348940332
2.33318445 0.343150427
2.364557 0.337124619
2.39592955 0.330878802
2.4273021 0.324429227
2.45867465 0.317792432
2.4900472 0.310985171
2.52141975 0.304024346
2.5527923 0.296926935
2.58416484 0.289709929
2.61553739 0.282390262
2.64690994 0.274984746
2.67828249 0.267510012
2.70965504 0.259982449
2.74102759 0.252418146
2.77240014 0.244832837
2.80377269 0.237241854
2.83514524 0.229660076
2.86651779 0.222101888
2.89789033 0.214581141
2.92926288 0.207111111
2.96063543 0.199704476
2.99200798 0.192373281
3.02338053 0.185128915
3.05475308 0.177982093
3.08612563 0.170942841
3.11749818 0.164020479
3.14887073 0.157223617
3.18024328 0.150560152
3.21161582 0.144037262
3.24298837 0.137661412
3.27436092 0.131438361
3.30573347 0.125373168
3.33710602 0.119470207
3.36847857 0.113733181
3.39985112 0.108165137
3.43122367 0.102768491
3.46259622 0.0975450421
3.49396877 0.0924960049
3.52534131 0.087622028
3.55671386 0.0829232237
3.58808641 0.0783991955
3.61945896 0.0740490661
3.65083151 0.069871508
3.68220406 0.065864773
3.71357661 0.0620267224
3.74494916 0.0583548582
3.77632171 0.0548463531
3.80769426 0.0514980806
3.8390668 0.0483066457
3.87043935 0.0452684134
3.9018119 0.0423795377
3.93318445 0.0396359899
3.964557 0.0370335848
3.99592955 0.0345680077
4.0273021 0.0322348384
4.05867465 0.0300295757
4.0900472 0.0279476597
4.12141975 0.0259844931
4.1527923 0.0241354612
4.18416484 0.0223959509
4.21553739 0.0207613678
4.24690994 0.0192271524
4.27828249 0.0177887949
4.30965504 0.0164418483
4.34102759 0.015181941
4.37240014 0.0140047871
4.40377269 0.0129061966
4.43514524 0.0118820833
4.46651779 0.0109284724
4.49789033 0.0100415066
4.52926288 0.00921745119
4.56063543 0.00845269829
4.59200798 0.0077437699
4.62338053 0.00708732035
4.65475308 0.00648013776
4.68612563 0.00591914481
4.71749818 0.00540139879
4.74887073 0.00492409102
4.78024328 0.00448454569
4.81161582 0.00408021816
4.84298837 0.00370869286
4.87436092 0.00336768066
4.90573347 0.003055016
4.93710602 0.00276865363
4.96847857 0.00250666511
4.99985112 0.0022672351
5.03122367 0.00204865745
5.06259622 0.00184933117
5.09396877 0.00166775628
5.12534131 0.00150252958
5.15671386 0.00135234042
5.18808641 0.0012159664
5.21945896 0.00109226917
5.25083151 0.000980190135
5.28220406 0.000878746341
5.31357661 0.00078702637
5.34494916 0.000704186329
5.37632171 0.000629445954
5.40769426 0.000562084817
5.4390668 0.000501438659
5.47043935 0.000446895853
5.5018119 0.000397893997
5.53318445 0.000353916655
5.564557 0.000314490235
5.59592955 0.000279181015
5.6273021 0.000247592309
5.65867465 0.000219361784
5.6900472 0.000194158916
5.72141975 0.000171682592
5.7527923 0.000151658842
5.78416484 0.000133838715
