# time_s density
-3.98285542 0.000133838715
-3.95148287 0.000151658842
-3.92011032 0.000171682592
-3.88873777 0.000194158916
-3.85736522 0.000219361784
-3.82599267 0.000247592309
-3.79462012 0.000279181015
-3.76324758 0.000314490235
-3.73187503 0.000353916655
-3.70050248 0.000397893997
-3.66912993 0.000446895853
-3.63775738 0.000501438659
-3.60638483 0.000562084817
-3.57501228 0.000629445954
-3.54363973 0.000704186329
-3.51226718 0.00078702637
-3.48089463 0.000878746341
-3.44952209 0.000980190135
-3.41814954 0.00109226917
-3.38677699 0.0012159664
-3.35540444 0.00135234042
-3.32403189 0.00150252958
-3.29265934 0.00166775628
-3.26128679 0.00184933117
-3.22991424 0.00204865745
-3.19854169 0.0022672351
-3.16716914 0.00250666511
-3.1357966 0.00276865363
-3.10442405 0.003055016
-3.0730515 0.00336768066
-3.04167895 0.00370869286
-3.0103064 0.00408021816
-2.97893385 0.00448454569
-2.9475613 0.00492409102
-2.91618875 0.00540139879
-2.8848162 0.00591914481
-2.85344365 0.00648013776
-2.82207111 0.00708732035
-2.79069856 0.0077437699
-2.75932601 0.00845269829
-2.72795346 0.00921745119
-2.69658091 0.0100415066
-2.66520836 0.0109284724
-2.63383581 0.0118820833
-2.60246326 0.0129061966
-2.57109071 0.0140047871
-2.53971816 0.015181941
-2.50834562 0.0164418483
-2.47697307 0.0177887949
-2.44560052 0.0192271524
-2.41422797 0.0207613678
-2.38285542 0.0223959509
-2.35148287 0.0241354612
-2.32011032 0.0259844931
-2.28873777 0.0279476597
-2.25736522 0.0300295757
-2.22599267 0.0322348384
-2.19462012 0.0345680077
-2.16324758 0.0370335848
-2.13187503 0.0396359899
-2.10050248 0.0423795377
-2.06912993 0.0452684134
-2.03775738 0.0483066457
-2.00638483 0.0514980806
-1.97501228 0.0548463531
-1.94363973 0.0583548582
-1.91226718 0.0620267224
-1.88089463 0.065864773
-1.84952209 0.069871508
-1.81814954 0.0740490661
-1.78677699 0.0783991955
-1.75540444 0.0829232237
-1.72403189 0.087622028
-1.69265934 0.0924960049
-1.66128679 0.0975450421
-1.62991424 0.102768491
-1.59854169 0.108165137
-1.56716914 0.113733181
-1.5357966 0.119470207
-1.50442405 0.125373168
-1.4730515 0.131438361
-1.44167895 0.137661412
-1.4103064 0.144037262
-1.37893385 0.150560152
-1.3475613 0.157223617
-1.31618875 0.164020479
-1.2848162 0.170942841
-1.25344365 0.177982093
-1.22207111 0.185128915
-1.19069856 0.192373281
-1.15932601 0.199704476
-1.12795346 0.207111111
-1.09658091 0.214581141
-1.06520836 0.222101888
-1.03383581 0.229660076
-1.00246326 0.237241854
-0.971090713 0.244832837
-0.939718164 0.252418146
-0.908345615 0.259982449
-0.876973066 0.267510012
-0.845600517 0.274984746
-0.814227968 0.282390262
-0.782855419 0.289709929
-0.75148287 0.296926935
-0.720110321 0.304024346
-0.688737772 0.310985171
-0.657365223 0.317792432
-0.625992674 0.324429227
-0.594620125 0.330878802
-0.563247576 0.337124619
-0.531875027 0.343150427
-0.500502478 0.348940332
-0.469129929 0.354478866
-0.43775738 0.359751056
-0.406384831 0.36474249
-0.375012282 0.369439383
-0.343639733 0.373828643
-0.312267184 0.377897926
-0.280894635 0.381635701
-0.249522086 0.385031297
-0.218149537 0.38807496
-0.186776988 0.390757895
-0.155404439 0.393072312
-0.12403189 0.395011461
-0.0926593406 0.396569666
-0.0612867915 0.397742352
-0.0299142425 0.398526068
0.00145830649 0.398918505
0.0328308555 0.398918505
0.0642034045 0.398526068
0.0955759535 0.397742352
0.126948503 0.396569666
0.158321052 0.395011461
0.189693601 0.393072312
0.22106615 0.390757895
0.252438699 0.38807496
0.283811248 0.385031297
0.315183797 0.381635701
0.346556346 0.377897926
0.377928895 0.373828643
0.409301444 0.369439383
0.440673993 0.36474249
0.472046542 0.359751056
0.503419091 0.354478866
0.53479164 0.348940332
0.566164189 0.343150427
0.597536738 0.337124619
0.628909287 0.330878802
0.660281836 0.324429227
0.691654385 0.317792432
0.723026934 0.310985171
0.754399483 0.304024346
0.785772032 0.296926935
0.817144581 0.289709929
0.84851713 0.282390262
0.879889679 0.274984746
0.911262228 0.267510012
0.942634777 0.259982449
0.974007326 0.252418146
1.00537988 0.244832837
1.03675242 0.237241854
1.06812497 0.229660076
1.09949752 0.222101888
1.13087007 0.214581141
1.16224262 0.207111111
1.19361517 0.199704476
1.22498772 0.192373281
1.25636027 0.185128915
1.28773282 0.177982093
1.31910537 0.170942841
1.35047791 0.164020479
1.38185046 0.157223617
1.41322301 0.150560152
1.44459556 0.144037262
1.47596811 0.137661412
1.50734066 0.131438361
1.53871321 0.125373168
1.57008576 0.119470207
1.60145831 0.113733181
1.63283086 0.108165137
1.6642034 0.102768491
1.69557595 0.0975450421
1.7269485 0.0924960049
1.75832105 0.087622028
1.7896936 0.0829232237
1.82106615 0.0783991955
1.8524387 0.0740490661
1.88381125 0.069871508
1.9151838 0.065864773
1.94655635 0.0620267224
1.97792889 0.0583548582
2.00930144 0.0548463531
2.04067399 0.0514980806
2.07204654 0.0483066457
2.10341909 0.0452684134
2.13479164 0.0423795377
2.16616419 0.0396359899
2.19753674 0.0370335848
2.22890929 0.0345680077
2.26028184 0.0322348384
2.29165438 0.0300295757
2.32302693 0.0279476597
2.35439948 0.0259844931
2.38577203 0.0241354612
2.41714458 0.0223959509
2.44851713 0.0207613678
2.47988968 0.0192271524
2.51126223 0.0177887949
2.54263478 0.0164418483
2.57400733 0.015181941
2.60537988 0.0140047871
2.63675242 0.0129061966
2.66812497 0.0118820833
2.69949752 0.0109284724
2.73087007 0.0100415066
2.76224262 0.00921745119
2.79361517 0.00845269829
2.82498772 0.0077437699
2.85636027 0.00708732035
2.88773282 0.00648013776
2.91910537 0.00591914481
2.95047791 0.00540139879
2.98185046 0.00492409102
3.01322301 0.00448454569
3.04459556 0.00408021816
3.07596811 0.00370869286
3.10734066 0.00336768066
3.13871321 0.003055016
3.17008576 0.00276865363
3.20145831 0.00250666511
3.23283086 0.0022672351
3.2642034 0.00204865745
3.29557595 0.00184933117
3.3269485 0.00166775628
3.35832105 0.00150252958
3.3896936 0.00135234042
3.42106615 0.0012159664
3.4524387 0.00109226917
3.48381125 0.000980190135
3.5151838 0.000878746341
3.54655635 0.00078702637
3.57792889 0.000704186329
3.60930144 0.000629445954
3.64067399 0.000562084817
3.67204654 0.000501438659
3.70341909 0.000446895853
3.73479164 0.000397893997
3.76616419 0.000353916655
3.79753674 0.000314490235
3.82890929 0.000279181015
3.86028184 0.000247592309
3.89165438 0.000219361784
3.92302693 0.000194158916
3.95439948 0.000171682592
3.98577203 0.000151658842
4.01714458 0.000133838715
