# fraction_pct mean ci_low ci_high
0.000000 0.000000 0.000000 0.000000
1.010101 0.000000 0.000000 0.000000
2.020202 0.033892 0.000000 0.074388
3.030303 0.199385 0.169202 0.229568
4.040404 0.339928 0.329823 0.350032
5.050505 0.488534 0.447276 0.529793
6.060606 0.634036 0.613197 0.654876
7.070707 0.810335 0.789665 0.831005
8.080808 0.824967 0.807170 0.842763
9.090909 1.479982 0.000000 3.480252
10.101010 3.431722 1.282798 5.580646
11.111111 4.175321 2.243633 6.107010
12.121212 3.561408 0.000000 7.446569
13.131313 4.132894 2.385494 5.880294
14.141414 3.423279 0.000000 7.422808
15.151515 3.465642 0.000000 7.330528
16.161616 4.107953 2.281642 5.934264
17.171717 4.781066 4.404006 5.158126
18.181818 4.651205 3.226051 6.076358
19.191919 3.184222 0.000000 6.721184
20.202020 1.140923 0.906710 1.375136
21.212121 1.555030 0.235235 2.874825
22.222222 3.400454 0.000000 6.926371
23.232323 5.182403 4.722894 5.641913
24.242424 5.148461 4.884954 5.411968
25.252525 4.815580 3.812970 5.818189
26.262626 1.983445 0.255144 3.711746
27.272727 2.062959 0.517218 3.608700
28.282828 3.862391 2.618081 5.106701
29.292929 4.354383 2.644596 6.064169
30.303030 5.482885 5.242132 5.723638
31.313131 4.275177 2.491793 6.058561
32.323232 1.744438 1.442966 2.045910
33.333333 1.753565 1.542455 1.964675
34.343434 3.432051 2.536883 4.327219
35.353535 5.262368 3.937109 6.587628
36.363636 5.194364 3.797059 6.591668
37.373737 3.157518 0.870636 5.444399
38.383838 1.896286 1.765248 2.027325
39.393939 2.647570 1.362449 3.932691
40.404040 4.088720 3.482058 4.695382
41.414141 5.887426 5.712964 6.061888
42.424242 2.496134 1.674830 3.317437
43.434343 3.407642 0.000000 7.797206
44.444444 3.017407 0.925442 5.109373
45.454545 4.102382 3.812321 4.392442
46.464646 5.853131 5.501846 6.204417
47.474747 2.169299 1.866220 2.472378
48.484848 2.302337 2.041602 2.563073
49.494949 3.922148 3.064548 4.779747
50.505051 5.498608 5.414600 5.582617
51.515152 2.807271 2.269370 3.345173
52.525253 2.404285 2.136831 2.671739
53.535354 3.646153 2.091452 5.200854
54.545455 4.489083 4.152445 4.825720
55.555556 4.877536 3.280030 6.475043
56.565657 2.445705 2.234695 2.656714
57.575758 2.960545 1.387896 4.533194
58.585859 4.518884 4.126836 4.910932
59.595960 5.832930 4.134282 7.531577
60.606061 3.215651 1.170198 5.261104
61.616162 3.748249 1.839083 5.657415
62.626263 4.550028 4.335235 4.764822
63.636364 5.299454 4.300572 6.298335
64.646465 3.082564 2.302866 3.862263
65.656566 2.910429 2.076651 3.744208
66.666667 3.392158 1.201047 5.583268
67.676768 4.677090 4.512056 4.842123
68.686869 5.997602 4.040157 7.955047
69.696970 2.747255 2.598807 2.895703
70.707071 2.900963 2.529311 3.272616
71.717172 4.170062 2.511257 5.828868
72.727273 5.663513 4.265155 7.061872
73.737374 3.677860 1.660264 5.695456
74.747475 2.888131 2.759200 3.017062
75.757576 3.389467 2.375265 4.403668
76.767677 4.040298 2.772210 5.308386
77.777778 5.497496 4.458996 6.535996
78.787879 2.908926 2.755275 3.062577
79.797980 2.981401 2.840536 3.122265
80.808081 4.924502 4.780640 5.068364
81.818182 6.147789 4.494617 7.800960
82.828283 3.705562 1.466010 5.945113
83.838384 3.742459 1.559411 5.925507
84.848485 4.386353 2.385875 6.386831
85.858586 4.993643 1.680798 8.306488
86.868687 3.742479 1.559467 5.925491
87.878788 3.767938 1.628795 5.907082
88.888889 3.715030 1.689456 5.740605
89.898990 4.369531 0.262612 8.476451
90.909091 3.072119 2.968608 3.175630
91.919192 5.041918 1.523869 8.559967
92.929293 5.049130 5.014585 5.083675
93.939394 6.256224 5.934836 6.577612
94.949495 3.134292 3.133977 3.134607
95.959596 3.292472 3.032009 3.552935
96.969697 4.976089 4.054147 5.898032
97.979798 5.029464 4.384389 5.674539
98.989899 4.477095 1.497801 7.456388
100.000000 3.236016 3.155299 3.316732
