# fraction_pct mean ci_low ci_high
0.000000 0.056492 0.056180 0.056804
1.010101 7.571379 7.498735 7.644024
2.020202 5.569146 5.524586 5.613706
3.030303 5.559722 5.510700 5.608745
4.040404 5.555005 5.494442 5.615569
5.050505 5.547510 5.471648 5.623372
6.060606 5.435158 5.373668 5.496648
7.070707 3.099774 1.104194 5.095354
8.080808 1.842570 0.000000 4.377030
9.090909 4.176849 3.918685 4.435012
10.101010 3.012157 0.141958 5.882356
11.111111 3.619586 1.401789 5.837383
12.121212 1.302624 1.202382 1.402865
13.131313 2.594151 0.000000 6.559857
14.141414 2.554569 0.000000 6.581194
15.151515 3.478878 0.000000 7.101595
16.161616 3.504459 0.000000 7.149262
17.171717 3.408774 0.000000 6.979779
18.181818 1.313680 1.045451 1.581909
19.191919 1.407799 1.178999 1.636599
20.202020 1.407251 1.232540 1.581961
21.212121 3.761480 1.050004 6.472955
22.222222 3.934304 0.000000 8.142819
23.232323 3.245439 0.000000 6.494037
24.242424 1.224420 1.162824 1.286016
25.252525 1.312403 1.018778 1.606027
26.262626 1.403150 1.325120 1.481181
27.272727 3.708283 2.219034 5.197532
28.282828 3.737433 0.000000 7.494748
29.292929 4.833542 4.097463 5.569621
30.303030 1.226616 1.170767 1.282465
31.313131 1.220553 1.112913 1.328192
32.323232 1.398311 1.248322 1.548301
33.333333 3.512187 1.565020 5.459354
34.343434 4.531799 3.324983 5.738615
35.353535 4.155203 1.886757 6.423648
36.363636 1.384656 0.902410 1.866902
37.373737 1.398053 0.937643 1.858464
38.383838 1.733533 0.814541 2.652526
39.393939 4.798825 3.760233 5.837416
40.404040 4.704022 4.193630 5.214413
41.414141 2.090798 0.589394 3.592202
42.424242 1.590229 1.246103 1.934354
43.434343 2.441608 0.000000 5.532186
44.444444 4.795523 3.817793 5.773252
45.454545 4.520733 3.930933 5.110533
46.464646 1.569819 1.418956 1.720681
47.474747 1.256800 0.979767 1.533833
48.484848 2.781613 2.183558 3.379668
49.494949 5.074491 4.697161 5.451820
50.505051 5.033019 4.738812 5.327226
51.515152 1.338361 0.916242 1.760480
52.525253 2.255698 0.597139 3.914256
53.535354 4.995932 4.302636 5.689228
54.545455 4.782044 4.286807 5.277281
55.555556 2.679774 0.000000 6.355924
56.565657 1.307348 1.237260 1.377436
57.575758 4.406395 2.845911 5.966879
58.585859 4.650118 3.805372 5.494863
59.595960 4.029806 2.262297 5.797315
60.606061 2.245762 0.000000 5.778975
61.616162 4.239830 2.033146 6.446515
62.626263 4.927762 4.612367 5.243157
63.636364 5.127685 4.955697 5.299674
64.646465 1.083610 0.619261 1.547959
65.656566 2.565417 0.000000 6.761072
66.666667 4.435221 3.763279 5.107162
67.676768 4.189174 3.300972 5.077377
68.686869 2.562474 0.000000 6.038821
69.696970 1.211050 1.000779 1.421321
70.707071 4.055222 2.594755 5.515689
71.717172 4.729648 4.083603 5.375693
72.727273 4.111592 1.865001 6.358183
73.737374 1.226363 0.106742 2.345985
74.747475 1.582029 1.022322 2.141735
75.757576 5.027910 4.559430 5.496389
76.767677 4.799471 3.716456 5.882487
77.777778 3.470389 0.000000 7.378303
78.787879 1.109146 0.755252 1.463040
79.797980 4.351462 3.632320 5.070604
80.808081 4.263433 4.128493 4.398372
81.818182 2.905401 0.093937 5.716866
82.828283 1.136871 0.976493 1.297250
83.838384 2.626476 0.204452 5.048500
84.848485 3.085918 0.000000 6.674405
85.858586 2.905797 0.000000 6.007278
86.868687 1.865865 0.000000 3.777758
87.878788 2.779255 0.000189 5.558322
88.888889 3.234765 1.308560 5.160971
89.898990 3.079481 1.601216 4.557745
90.909091 2.221684 0.621674 3.821695
91.919192 4.274354 2.512861 6.035847
92.929293 4.488127 3.116486 5.859767
93.939394 3.084620 0.000000 6.438519
94.949495 1.204638 0.863925 1.545351
95.959596 3.982497 1.601234 6.363761
96.969697 4.989573 4.045815 5.933332
97.979798 3.648429 0.000000 7.943769
98.989899 2.456987 0.000000 6.751919
100.000000 1.256433 0.972475 1.540391
