# time_s density
155.636367 1.08462832e-05
155.816207 1.29069156e-05
155.996046 1.53297045e-05
156.175886 1.81725085e-05
156.355725 2.15013523e-05
156.535565 2.53913895e-05
156.715404 2.992795e-05
156.895244 3.52076702e-05
157.075083 4.13397105e-05
157.254923 4.84470581e-05
157.434762 5.66679153e-05
157.614602 6.61571704e-05
157.794441 7.7087947e-05
157.974281 8.96532267e-05
158.15412 0.000104067537
158.33396 0.000120568691
158.513799 0.000139419577
158.693639 0.000160909964
158.873478 0.000185358328
159.053318 0.000213113658
159.233157 0.000244557231
159.412997 0.000280104323
159.592836 0.000320205823
159.772676 0.000365349731
159.952515 0.000416062481
160.132355 0.000472910068
160.312194 0.000536498932
160.492034 0.00060747655
160.671873 0.000686531696
160.851713 0.000774394315
161.031552 0.000871834973
161.211392 0.000979663822
161.391231 0.00109872903
161.571071 0.00122991468
161.75091 0.00137413795
161.93075 0.00153234578
162.110589 0.00170551073
162.290429 0.00189462612
162.470268 0.00210070053
162.650108 0.00232475137
162.829947 0.00256779786
163.009787 0.0028308531
163.189626 0.00311491546
163.369466 0.00342095927
163.549305 0.00374992478
163.729145 0.00410270754
163.908984 0.0044801472
164.088824 0.00488301591
164.268664 0.00531200625
164.448503 0.00576771904
164.628343 0.00625065093
164.808182 0.00676118208
164.988022 0.007299564
165.167861 0.00786590778
165.347701 0.00846017278
165.52754 0.00908215614
165.70738 0.00973148309
165.887219 0.0104075984
166.067059 0.0111097593
166.246898 0.0118370294
166.426738 0.0125882748
166.606577 0.0133621619
166.786417 0.0141571569
166.966256 0.0149715277
167.146096 0.0158033483
167.325935 0.0166505047
167.505775 0.0175107043
167.685614 0.0183814868
167.865454 0.0192602383
168.045293 0.0201442071
168.225133 0.0210305228
168.404972 0.0219162166
168.584812 0.0227982446
168.764651 0.0236735123
168.944491 0.0245389016
169.12433 0.0253912989
169.30417 0.0262276237
169.484009 0.0270448599
169.663849 0.0278400854
169.843688 0.0286105037
170.023528 0.0293534745
170.203367 0.0300665434
170.383207 0.0307474718
170.563046 0.0313942639
170.742886 0.0320051931
170.922725 0.0325788257
171.102565 0.0331140422
171.282404 0.0336100556
171.462244 0.034066427
171.642083 0.0344830766
171.821923 0.0348602926
172.001762 0.0351987345
172.181602 0.0354994339
172.361441 0.0357637899
172.541281 0.0359935607
172.72112 0.0361908516
172.90096 0.0363580982
173.080799 0.0364980453
173.260639 0.0366137232
173.440478 0.0367084191
173.620318 0.036785646
173.800157 0.0368491081
173.979997 0.0369026642
174.159836 0.0369502883
174.339676 0.0369960287
174.519515 0.0370439657
174.699355 0.0370981683
174.879195 0.0371626514
175.059034 0.0372413319
175.238874 0.0373379864
175.418713 0.0374562095
175.598553 0.0375993744
175.778392 0.0377705948
175.958232 0.0379726898
176.138071 0.0382081513
176.317911 0.0384791155
176.49775 0.0387873366
176.67759 0.0391341656
176.857429 0.0395205324
177.037269 0.0399469325
177.217108 0.0404134178
177.396948 0.0409195917
177.576787 0.0414646091
177.756627 0.0420471801
177.936466 0.0426655785
178.116306 0.0433176543
178.296145 0.04400085
178.475985 0.0447122207
178.655824 0.045448458
178.835664 0.0462059166
179.015503 0.0469806444
179.195343 0.0477684144
179.375182 0.0485647598
179.555022 0.0493650096
179.734861 0.0501643271
179.914701 0.0509577486
180.09454 0.051740223
180.27438 0.0525066516
180.454219 0.0532519282
180.634059 0.0539709787
180.813898 0.0546587998
180.993738 0.0553104966
181.173577 0.0559213194
181.353417 0.0564866982
181.533256 0.0570022758
181.713096 0.0574639385
181.892935 0.0578678449
182.072775 0.0582104515
182.252614 0.0584885367
182.432454 0.0586992208
182.612293 0.0588399846
182.792133 0.0589086836
182.971972 0.0589035603
183.151812 0.0588232529
183.331651 0.0586668012
183.511491 0.05843365
183.69133 0.0581236483
183.87117 0.0577370469
184.051009 0.0572744924
184.230849 0.0567370192
184.410688 0.0561260379
184.590528 0.0554433222
184.770367 0.0546909927
184.950207 0.0538714995
185.130046 0.0529876015
185.309886 0.0520423452
185.489726 0.0510390408
185.669565 0.0499812378
185.849405 0.0488726986
186.029244 0.0477173716
186.209084 0.0465193637
186.388923 0.0452829113
186.568763 0.0440123524
186.748602 0.0427120972
186.928442 0.0413866002
187.108281 0.0400403314
187.288121 0.0386777489
187.46796 0.0373032723
187.6478 0.0359212563
187.827639 0.0345359667
188.007479 0.0331515567
188.187318 0.0317720449
188.367158 0.0304012958
188.546997 0.0290430009
188.726837 0.0277006626
188.906676 0.0263775794
189.086516 0.0250768338
189.266355 0.0238012815
189.446195 0.0225535435
189.626034 0.021336
189.805874 0.0201507859
189.985713 0.018999789
190.165553 0.0178846499
190.345392 0.0168067638
190.525232 0.015767284
190.705071 0.0147671274
190.884911 0.013806981
191.06475 0.0128873107
191.24459 0.01200837
191.424429 0.0111702115
191.604269 0.0103726979
191.784108 0.00961551489
191.963948 0.00889818362
192.143787 0.00822007473
192.323627 0.00758042198
192.503466 0.00697833629
192.683306 0.00641281982
192.863145 0.00588277988
193.042985 0.00538704267
193.222824 0.00492436666
193.402664 0.00449345547
193.582503 0.0040929703
193.762343 0.00372154165
193.942182 0.00337778042
194.122022 0.00306028827
194.301861 0.00276766714
194.481701 0.00249852803
194.66154 0.00225149894
194.84138 0.00202523195
195.021219 0.00181840952
195.201059 0.00162974995
195.380898 0.00145801201
195.560738 0.00130199888
195.740577 0.00116056132
195.920417 0.00103260013
196.100257 0.000917067985
196.280096 0.000812970667
196.459936 0.000719367751
196.639775 0.000635372763
196.819615 0.000560152915
196.999454 0.00049292842
197.179294 0.00043297147
197.359133 0.000379604904
197.538973 0.000332200625
197.718812 0.000290177805
197.898652 0.000253000923
198.078491 0.00022017767
198.258331 0.000191256767
198.43817 0.00016582571
198.61801 0.000143508498
198.797849 0.000123963341
198.977689 0.000106880399
199.157528 9.19795461e-05
199.337368 7.90081963e-05
199.517207 6.77391959e-05
199.697047 5.79687947e-05
199.876886 4.95147069e-05
200.056726 4.22142666e-05
200.236565 3.59226849e-05
200.416405 3.0511409e-05
200.596244 2.58665868e-05
200.776084 2.18876355e-05
200.955923 1.84859136e-05
201.135763 1.55834946e-05
201.315602 1.31120374e-05
201.495442 1.10117526e-05
