# fraction_pct mean ci_low ci_high
0.000000 0.054226 0.054226 0.054226
1.010101 0.054226 0.054226 0.054226
2.020202 0.054226 0.054226 0.054226
3.030303 0.054226 0.054226 0.054226
4.040404 0.054226 0.054226 0.054226
5.050505 0.054226 0.054226 0.054226
6.060606 0.054226 0.054226 0.054226
7.070707 0.054226 0.054226 0.054226
8.080808 0.054226 0.054226 0.054226
9.090909 0.054226 0.054226 0.054226
10.101010 0.054226 0.054226 0.054226
11.111111 0.054226 0.054226 0.054226
12.121212 0.054226 0.054226 0.054226
13.131313 0.054226 0.054226 0.054226
14.141414 0.054226 0.054226 0.054226
15.151515 0.054226 0.054226 0.054226
16.161616 0.054226 0.054226 0.054226
17.171717 0.054226 0.054226 0.054226
18.181818 0.054226 0.054226 0.054226
19.191919 0.054226 0.054226 0.054226
20.202020 0.054226 0.054226 0.054226
21.212121 0.054226 0.054226 0.054226
22.222222 0.054226 0.054226 0.054226
23.232323 0.054226 0.054226 0.054226
24.242424 0.054226 0.054226 0.054226
25.252525 0.054226 0.054226 0.054226
26.262626 0.054226 0.054226 0.054226
27.272727 0.054226 0.054226 0.054226
28.282828 0.054226 0.054226 0.054226
29.292929 0.054226 0.054226 0.054226
30.303030 0.054226 0.054226 0.054226
31.313131 0.054226 0.054226 0.054226
32.323232 0.054226 0.054226 0.054226
33.333333 0.054226 0.054226 0.054226
34.343434 0.054226 0.054226 0.054226
35.353535 0.054226 0.054226 0.054226
36.363636 0.054226 0.054226 0.054226
37.373737 0.054226 0.054226 0.054226
38.383838 0.054226 0.054226 0.054226
39.393939 0.054226 0.054226 0.054226
40.404040 0.054226 0.054226 0.054226
41.414141 0.054226 0.054226 0.054226
42.424242 0.054226 0.054226 0.054226
43.434343 0.054226 0.054226 0.054226
44.444444 0.054226 0.054226 0.054226
45.454545 0.054226 0.054226 0.054226
46.464646 0.054226 0.054226 0.054226
47.474747 0.054226 0.054226 0.054226
48.484848 0.054226 0.054226 0.054226
49.494949 0.054226 0.054226 0.054226
50.505051 0.054226 0.054226 0.054226
51.515152 0.054226 0.054226 0.054226
52.525253 0.054226 0.054226 0.054226
53.535354 0.054226 0.054226 0.054226
54.545455 0.054226 0.054226 0.054226
55.555556 0.054226 0.054226 0.054226
56.565657 0.054226 0.054226 0.054226
57.575758 0.054226 0.054226 0.054226
58.585859 0.054226 0.054226 0.054226
59.595960 0.054226 0.054226 0.054226
60.606061 0.054495 0.054495 0.054495
61.616162 0.056147 0.056147 0.056147
62.626263 0.057799 0.057799 0.057799
63.636364 0.059451 0.059451 0.059451
64.646465 0.061103 0.061103 0.061103
65.656566 0.062756 0.062756 0.062756
66.666667 0.064408 0.064408 0.064408
67.676768 0.066060 0.066060 0.066060
68.686869 0.067712 0.067712 0.067712
69.696970 0.069364 0.069364 0.069364
70.707071 0.071017 0.071017 0.071017
71.717172 0.072669 0.072669 0.072669
72.727273 0.074321 0.074321 0.074321
73.737374 0.075973 0.075973 0.075973
74.747475 0.077626 0.077626 0.077626
75.757576 0.079278 0.079278 0.079278
76.767677 0.080930 0.080930 0.080930
77.777778 0.082582 0.082582 0.082582
78.787879 0.084234 0.084234 0.084234
79.797980 0.085887 0.085887 0.085887
80.808081 0.091825 0.091825 0.091825
81.818182 0.101000 0.101000 0.101000
82.828283 0.110176 0.110176 0.110176
83.838384 0.119351 0.119351 0.119351
84.848485 0.128526 0.128526 0.128526
85.858586 0.137702 0.137702 0.137702
86.868687 0.146877 0.146877 0.146877
87.878788 0.156052 0.156052 0.156052
88.888889 0.165227 0.165227 0.165227
89.898990 0.174403 0.174403 0.174403
90.909091 0.183578 0.183578 0.183578
91.919192 0.192753 0.192753 0.192753
92.929293 0.201928 0.201928 0.201928
93.939394 0.211104 0.211104 0.211104
94.949495 0.220279 0.220279 0.220279
95.959596 0.229454 0.229454 0.229454
96.969697 0.238629 0.238629 0.238629
97.979798 0.247805 0.247805 0.247805
98.989899 0.256980 0.256980 0.256980
100.000000 0.266155 0.266155 0.266155
