# time_s density
-3.17223753 0.000133838715
-3.14086498 0.000151658842
-3.10949244 0.000171682592
-3.07811989 0.000194158916
-3.04674734 0.000219361784
-3.01537479 0.000247592309
-2.98400224 0.000279181015
-2.95262969 0.000314490235
-2.92125714 0.000353916655
-2.88988459 0.000397893997
-2.85851204 0.000446895853
-2.82713949 0.000501438659
-2.79576695 0.000562084817
-2.7643944 0.000629445954
-2.73302185 0.000704186329
-2.7016493 0.00078702637
-2.67027675 0.000878746341
-2.6389042 0.000980190135
-2.60753165 0.00109226917
-2.5761591 0.0012159664
-2.54478655 0.00135234042
-2.513414 0.00150252958
-2.48204146 0.00166775628
-2.45066891 0.00184933117
-2.41929636 0.00204865745
-2.38792381 0.0022672351
-2.35655126 0.00250666511
-2.32517871 0.00276865363
-2.29380616 0.003055016
-2.26243361 0.00336768066
-2.23106106 0.00370869286
-2.19968851 0.00408021816
-2.16831597 0.00448454569
-2.13694342 0.00492409102
-2.10557087 0.00540139879
-2.07419832 0.00591914481
-2.04282577 0.00648013776
-2.01145322 0.00708732035
-1.98008067 0.0077437699
-1.94870812 0.00845269829
-1.91733557 0.00921745119
-1.88596302 0.0100415066
-1.85459048 0.0109284724
-1.82321793 0.0118820833
-1.79184538 0.0129061966
-1.76047283 0.0140047871
-1.72910028 0.015181941
-1.69772773 0.0164418483
-1.66635518 0.0177887949
-1.63498263 0.0192271524
-1.60361008 0.0207613678
-1.57223753 0.0223959509
-1.54086498 0.0241354612
-1.50949244 0.0259844931
-1.47811989 0.0279476597
-1.44674734 0.0300295757
-1.41537479 0.0322348384
-1.38400224 0.0345680077
-1.35262969 0.0370335848
-1.32125714 0.0396359899
-1.28988459 0.0423795377
-1.25851204 0.0452684134
-1.22713949 0.0483066457
-1.19576695 0.0514980806
-1.1643944 0.0548463531
-1.13302185 0.0583548582
-1.1016493 0.0620267224
-1.07027675 0.065864773
-1.0389042 0.069871508
-1.00753165 0.0740490661
-0.976159103 0.0783991955
-0.944786554 0.0829232237
-0.913414005 0.087622028
-0.882041456 0.0924960049
-0.850668907 0.0975450421
-0.819296358 0.102768491
-0.787923809 0.108165137
-0.756551259 0.113733181
-0.72517871 0.119470207
-0.693806161 0.125373168
-0.662433612 0.131438361
-0.631061063 0.137661412
-0.599688514 0.144037262
-0.568315965 0.150560152
-0.536943416 0.157223617
-0.505570867 0.164020479
-0.474198318 0.170942841
-0.442825769 0.177982093
-0.41145322 0.185128915
-0.380080671 0.192373281
-0.348708122 0.199704476
-0.317335573 0.207111111
-0.285963024 0.214581141
-0.254590475 0.222101888
-0.223217926 0.229660076
-0.191845377 0.237241854
-0.160472828 0.244832837
-0.129100279 0.252418146
-0.0977277301 0.259982449
-0.0663551811 0.267510012
-0.034982632 0.274984746
-0.00361008302 0.282390262
0.027762466 0.289709929
0.059135015 0.296926935
0.090507564 0.304024346
0.121880113 0.310985171
0.153252662 0.317792432
0.184625211 0.324429227
0.21599776 0.330878802
0.247370309 0.337124619
0.278742858 0.343150427
0.310115407 0.348940332
0.341487956 0.354478866
0.372860505 0.359751056
0.404233054 0.36474249
0.435605603 0.369439383
0.466978152 0.373828643
0.498350701 0.377897926
0.52972325 0.381635701
0.561095799 0.385031297
0.592468348 0.38807496
0.623840897 0.390757895
0.655213446 0.393072312
0.686585995 0.395011461
0.717958544 0.396569666
0.749331093 0.397742352
0.780703642 0.398526068
0.812076191 0.398918505
0.843448741 0.398918505
0.87482129 0.398526068
0.906193839 0.397742352
0.937566388 0.396569666
0.968938937 0.395011461
1.00031149 0.393072312
1.03168403 0.390757895
1.06305658 0.38807496
1.09442913 0.385031297
1.12580168 0.381635701
1.15717423 0.377897926
1.18854678 0.373828643
1.21991933 0.369439383
1.25129188 0.36474249
1.28266443 0.359751056
1.31403698 0.354478866
1.34540952 0.348940332
1.37678207 0.343150427
1.40815462 0.337124619
1.43952717 0.330878802
1.47089972 0.324429227
1.50227227 0.317792432
1.53364482 0.310985171
1.56501737 0.304024346
1.59638992 0.296926935
1.62776247 0.289709929
1.65913502 0.282390262
1.69050756 0.274984746
1.72188011 0.267510012
1.75325266 0.259982449
1.78462521 0.252418146
1.81599776 0.244832837
1.84737031 0.237241854
1.87874286 0.229660076
1.91011541 0.222101888
1.94148796 0.214581141
1.97286051 0.207111111
2.00423305 0.199704476
2.0356056 0.192373281
2.06697815 0.185128915
2.0983507 0.177982093
2.12972325 0.170942841
2.1610958 0.164020479
2.19246835 0.157223617
2.2238409 0.150560152
2.25521345 0.144037262
2.286586 0.137661412
2.31795854 0.131438361
2.34933109 0.125373168
2.38070364 0.119470207
2.41207619 0.113733181
2.44344874 0.108165137
2.47482129 0.102768491
2.50619384 0.0975450421
2.53756639 0.0924960049
2.56893894 0.087622028
2.60031149 0.0829232237
2.63168403 0.0783991955
2.66305658 0.0740490661
2.69442913 0.069871508
2.72580168 0.065864773
2.75717423 0.0620267224
2.78854678 0.0583548582
2.81991933 0.0548463531
2.85129188 0.0514980806
2.88266443 0.0483066457
2.91403698 0.0452684134
2.94540952 0.0423795377
2.97678207 0.0396359899
3.00815462 0.0370335848
3.03952717 0.0345680077
3.07089972 0.0322348384
3.10227227 0.0300295757
3.13364482 0.0279476597
3.16501737 0.0259844931
3.19638992 0.0241354612
3.22776247 0.0223959509
3.25913502 0.0207613678
3.29050756 0.0192271524
3.32188011 0.0177887949
3.35325266 0.0164418483
3.38462521 0.015181941
3.41599776 0.0140047871
3.44737031 0.0129061966
3.47874286 0.0118820833
3.51011541 0.0109284724
3.54148796 0.0100415066
3.57286051 0.00921745119
3.60423305 0.00845269829
3.6356056 0.0077437699
3.66697815 0.00708732035
3.6983507 0.00648013776
3.72972325 0.00591914481
3.7610958 0.00540139879
3.79246835 0.00492409102
3.8238409 0.00448454569
3.85521345 0.00408021816
3.886586 0.00370869286
3.91795854 0.00336768066
3.94933109 0.003055016
3.98070364 0.00276865363
4.01207619 0.00250666511
4.04344874 0.0022672351
4.07482129 0.00204865745
4.10619384 0.00184933117
4.13756639 0.00166775628
4.16893894 0.00150252958
4.20031149 0.00135234042
4.23168403 0.0012159664
4.26305658 0.00109226917
4.29442913 0.000980190135
4.32580168 0.000878746341
4.35717423 0.00078702637
4.38854678 0.000704186329
4.41991933 0.000629445954
4.45129188 0.000562084817
4.48266443 0.000501438659
4.51403698 0.000446895853
4.54540952 0.000397893997
4.57678207 0.000353916655
4.60815462 0.000314490235
4.63952717 0.000279181015
4.67089972 0.000247592309
4.70227227 0.000219361784
4.73364482 0.000194158916
4.76501737 0.000171682592
4.79638992 0.000151658842
4.82776247 0.000133838715
