# fraction_pct mean ci_low ci_high
0.000000 0.000000 0.000000 0.000000
1.010101 0.000000 0.000000 0.000000
2.020202 0.000000 0.000000 0.000000
3.030303 0.000000 0.000000 0.000000
4.040404 0.000000 0.000000 0.000000
5.050505 0.046251 0.009972 0.082529
6.060606 0.057402 0.027990 0.086814
7.070707 0.058744 0.027430 0.090058
8.080808 0.068584 0.068581 0.068587
9.090909 0.070551 0.064291 0.076811
10.101010 0.074485 0.074482 0.074488
11.111111 0.074485 0.074482 0.074488
12.121212 0.074485 0.074482 0.074488
13.131313 0.082589 0.056806 0.108371
14.141414 0.087795 0.065166 0.110424
15.151515 0.090689 0.064909 0.116469
16.161616 0.090689 0.064909 0.116469
17.171717 0.090689 0.064909 0.116469
18.181818 0.112099 0.052256 0.171942
19.191919 0.112099 0.052256 0.171942
20.202020 0.120205 0.086155 0.154255
21.212121 0.135838 0.120152 0.151523
22.222222 0.158912 0.158876 0.158949
23.232323 0.158912 0.158876 0.158949
24.242424 0.158912 0.158876 0.158949
25.252525 0.163955 0.147887 0.180022
26.262626 0.174329 0.125249 0.223410
27.272727 0.174329 0.125249 0.223410
28.282828 0.174329 0.125249 0.223410
29.292929 0.206817 0.201531 0.212103
30.303030 0.222267 0.195065 0.249468
31.313131 0.252690 0.210303 0.295077
32.323232 0.269069 0.204728 0.333411
33.333333 0.305629 0.213945 0.397313
34.343434 0.332230 0.190647 0.473813
35.353535 0.332230 0.190647 0.473813
36.363636 0.339289 0.210484 0.468093
37.373737 0.361075 0.250240 0.471911
38.383838 0.375074 0.254286 0.495862
39.393939 0.380073 0.252110 0.508037
40.404040 0.394840 0.313864 0.475816
41.414141 0.394840 0.313864 0.475816
42.424242 0.394840 0.313864 0.475816
43.434343 0.401303 0.340894 0.461713
44.444444 0.401303 0.340894 0.461713
45.454545 0.401303 0.340894 0.461713
46.464646 0.428255 0.377161 0.479348
47.474747 0.428255 0.377161 0.479348
48.484848 0.428255 0.377161 0.479348
49.494949 0.446204 0.405019 0.487388
50.505051 0.446204 0.405019 0.487388
51.515152 0.449679 0.401976 0.497381
52.525253 0.462632 0.451515 0.473748
53.535354 0.477931 0.433731 0.522130
54.545455 0.483571 0.439151 0.527990
55.555556 0.483571 0.439151 0.527990
56.565657 0.483571 0.439151 0.527990
57.575758 0.484190 0.440720 0.527661
58.585859 0.506144 0.437956 0.574333
59.595960 0.506144 0.437956 0.574333
60.606061 0.509281 0.438247 0.580315
61.616162 0.509281 0.438247 0.580315
62.626263 0.509281 0.438247 0.580315
63.636364 0.529004 0.428813 0.629195
64.646465 0.538685 0.463691 0.613678
65.656566 0.544965 0.483701 0.606230
66.666667 0.557271 0.524153 0.590389
67.676768 0.557271 0.524153 0.590389
68.686869 0.560749 0.531516 0.589981
69.696970 0.567247 0.534716 0.599779
70.707071 0.576882 0.521855 0.631909
71.717172 0.587872 0.557011 0.618733
72.727273 0.597600 0.566802 0.628397
73.737374 0.616627 0.557172 0.676083
74.747475 0.630829 0.590253 0.671405
75.757576 0.630829 0.590253 0.671405
76.767677 0.635226 0.584160 0.686292
77.777778 0.635238 0.584138 0.686339
78.787879 0.635238 0.584138 0.686339
79.797980 0.653780 0.595263 0.712296
80.808081 0.653780 0.595263 0.712296
81.818182 0.663049 0.612508 0.713590
82.828283 0.672219 0.595058 0.749380
83.838384 0.672219 0.595058 0.749380
84.848485 0.681429 0.623181 0.739676
85.858586 0.681430 0.623185 0.739676
86.868687 0.681441 0.623213 0.739669
87.878788 0.681441 0.623213 0.739669
88.888889 0.681441 0.623213 0.739669
89.898990 0.699777 0.670722 0.728833
90.909091 0.699777 0.670722 0.728833
91.919192 0.699782 0.670733 0.728830
92.929293 0.699782 0.670733 0.728830
93.939394 0.699782 0.670733 0.728830
94.949495 0.708938 0.679737 0.738140
95.959596 0.718479 0.717337 0.719622
96.969697 0.718482 0.717343 0.719620
97.979798 0.718482 0.717343 0.719620
98.989899 0.719547 0.716435 0.722659
100.000000 0.754297 0.726349 0.782245
