# fraction_pct mean ci_low ci_high
0.000000 0.056461 0.056090 0.056833
1.010101 0.093917 0.092490 0.095343
2.020202 0.629242 0.616433 0.642050
3.030303 0.931099 0.914487 0.947712
4.040404 0.936856 0.917043 0.956670
5.050505 0.965178 0.933839 0.996517
6.060606 0.881773 0.571795 1.191751
7.070707 0.786682 0.476342 1.097023
8.080808 0.724572 0.661477 0.787667
9.090909 0.781775 0.670662 0.892888
10.101010 0.922799 0.626705 1.218894
11.111111 1.200309 1.177237 1.223382
12.121212 1.167550 0.983128 1.351971
13.131313 1.106880 0.725905 1.487856
14.141414 0.964152 0.546149 1.382154
15.151515 1.051815 0.776520 1.327110
16.161616 1.071393 0.828138 1.314649
17.171717 1.022348 0.700022 1.344674
18.181818 0.986541 0.601067 1.372016
19.191919 1.196034 1.145575 1.246492
20.202020 1.076042 0.959206 1.192877
21.212121 1.133448 1.006214 1.260682
22.222222 1.104074 1.088766 1.119382
23.232323 1.124530 1.105469 1.143591
24.242424 1.130202 1.096631 1.163772
25.252525 1.138022 1.118405 1.157638
26.262626 1.085397 0.927668 1.243126
27.272727 1.121783 1.078739 1.164826
28.282828 1.136693 1.123996 1.149389
29.292929 1.100007 0.991237 1.208777
30.303030 1.195953 1.118043 1.273862
31.313131 1.076705 0.698581 1.454830
32.323232 1.213103 1.151433 1.274773
33.333333 1.209686 1.101917 1.317455
34.343434 1.229296 1.139527 1.319065
35.353535 1.237434 1.160201 1.314667
36.363636 1.245440 1.153689 1.337192
37.373737 1.231899 1.184532 1.279265
38.383838 1.237257 1.185403 1.289112
39.393939 1.244565 1.174066 1.315064
40.404040 1.195942 1.024258 1.367626
41.414141 1.241406 1.169935 1.312877
42.424242 1.241985 1.170798 1.313173
43.434343 1.244324 1.173801 1.314847
44.444444 1.252479 1.168741 1.336217
45.454545 1.255387 1.168078 1.342696
46.464646 1.244477 1.171654 1.317300
47.474747 1.249019 1.199688 1.298351
48.484848 1.116528 0.952814 1.280241
49.494949 1.116394 0.954764 1.278024
50.505051 1.122341 0.966201 1.278481
51.515152 1.141327 0.953674 1.328981
52.525253 1.048815 0.945844 1.151786
53.535354 1.093804 0.870641 1.316967
54.545455 1.092573 0.913724 1.271421
55.555556 0.982889 0.907781 1.057997
56.565657 0.986914 0.924329 1.049498
57.575758 0.987397 0.923062 1.051732
58.585859 1.076167 0.858828 1.293507
59.595960 1.163690 0.900375 1.427004
60.606061 1.012509 0.989601 1.035417
61.616162 1.022264 0.960290 1.084238
62.626263 1.027123 0.961788 1.092457
63.636364 1.057416 0.963192 1.151639
64.646465 1.157564 0.911342 1.403786
65.656566 0.977781 0.768838 1.186725
66.666667 1.100288 0.926190 1.274387
67.676768 1.020733 0.625301 1.416164
68.686869 1.037539 0.692492 1.382587
69.696970 1.080649 0.875635 1.285662
70.707071 0.993833 0.700498 1.287169
71.717172 1.138102 0.977339 1.298864
72.727273 1.205365 1.168925 1.241806
73.737374 1.167371 1.077690 1.257052
74.747475 1.092474 0.897588 1.287360
75.757576 1.173776 0.971898 1.375653
76.767677 1.154547 0.929883 1.379211
77.777778 1.162940 0.948493 1.377386
78.787879 1.082284 0.815838 1.348730
79.797980 1.028346 0.977943 1.078748
80.808081 1.148193 0.973421 1.322964
81.818182 0.926935 0.649240 1.204631
82.828283 1.166492 1.079541 1.253443
83.838384 1.103152 0.804997 1.401307
84.848485 1.122049 0.882992 1.361106
85.858586 1.216218 1.134121 1.298314
86.868687 1.218549 1.130403 1.306694
87.878788 1.078603 0.846392 1.310815
88.888889 1.081434 0.852154 1.310715
89.898990 1.140087 0.954861 1.325313
90.909091 1.246272 1.207646 1.284898
91.919192 1.191829 1.024216 1.359442
92.929293 1.096132 0.894515 1.297748
93.939394 1.095000 0.891294 1.298707
94.949495 1.052867 0.750365 1.355368
95.959596 1.128994 0.801703 1.456286
96.969697 1.236760 1.215758 1.257763
97.979798 1.243630 1.211822 1.275438
98.989899 1.244237 1.211414 1.277059
100.000000 1.150444 0.827581 1.473307
