# time_s density
14.2612165 0.000475552476
14.2657219 0.00056711749
14.2702273 0.000675052745
14.2747327 0.000802034122
14.2792381 0.000951127759
14.2837435 0.00112583864
14.2882489 0.00133016385
14.2927542 0.00156865071
14.2972596 0.00184645999
14.301765 0.00216943443
14.3062704 0.00254417258
14.3107758 0.00297810813
14.3152812 0.00347959469
14.3197866 0.004057996
14.324292 0.00472378134
14.3287974 0.00548862602
14.3333028 0.00636551646
14.3378082 0.00736885953
14.3423136 0.00851459543
14.346819 0.00982031347
14.3513244 0.0113053697
14.3558298 0.0129910054
14.3603352 0.0149004657
14.3648406 0.0170591152
14.369346 0.019494552
14.3738514 0.0222367146
14.3783568 0.0253179835
14.3828622 0.0287732721
14.3873676 0.0326401066
14.391873 0.0369586918
14.3963783 0.0417719599
14.4008837 0.0471255998
14.4053891 0.0530680645
14.4098945 0.0596505521
14.4143999 0.0669269596
14.4189053 0.0749538047
14.4234107 0.0837901139
14.4279161 0.093497273
14.4324215 0.104138839
14.4369269 0.115780307
14.4414323 0.128488839
14.4459377 0.142332938
14.4504431 0.157382084
14.4549485 0.173706312
14.4594539 0.191375749
14.4639593 0.210460098
14.4684647 0.231028075
14.4729701 0.253146802
14.4774755 0.276881151
14.4819809 0.302293051
14.4864863 0.329440758
14.4909917 0.358378092
14.4954971 0.389153643
14.5000024 0.421809966
14.5045078 0.456382754
14.5090132 0.492900013
14.5135186 0.531381236
14.518024 0.571836589
14.5225294 0.614266132
14.5270348 0.658659057
14.5315402 0.704992983
14.5360456 0.753233302
14.540551 0.803332595
14.5450564 0.855230121
14.5495618 0.9088514
14.5540672 0.964107894
14.5585726 1.0208968
14.563078 1.07910094
14.5675834 1.13858883
14.5720888 1.19921482
14.5765942 1.26081943
14.5810996 1.32322975
14.585605 1.38626011
14.5901104 1.44971279
14.5946158 1.51337889
14.5991211 1.57703944
14.6036265 1.64046651
14.6081319 1.70342457
14.6126373 1.7656719
14.6171427 1.82696218
14.6216481 1.88704612
14.6261535 1.94567323
14.6306589 2.00259363
14.6351643 2.05755994
14.6396697 2.11032923
14.6441751 2.16066492
14.6486805 2.20833874
14.6531859 2.25313269
14.6576913 2.29484088
14.6621967 2.3332714
14.6667021 2.36824804
14.6712075 2.39961192
14.6757129 2.42722307
14.6802183 2.45096176
14.6847237 2.47072977
14.6892291 2.48645142
14.6937345 2.49807448
14.6982399 2.50557082
14.7027452 2.50893693
14.7072506 2.50819413
14.711756 2.50338866
14.7162614 2.4945915
14.7207668 2.48189797
14.7252722 2.46542713
14.7297776 2.44532097
14.734283 2.42174339
14.7387884 2.39487893
14.7432938 2.36493146
14.7477992 2.33212253
14.7523046 2.29668969
14.75681 2.25888458
14.7613154 2.21897101
14.7658208 2.17722282
14.7703262 2.13392173
14.7748316 2.08935513
14.779337 2.0438138
14.7838424 1.99758962
14.7883478 1.95097333
14.7928532 1.90425223
14.7973586 1.85770799
14.801864 1.81161451
14.8063693 1.76623588
14.8108747 1.72182436
14.8153801 1.67861859
14.8198855 1.63684186
14.8243909 1.59670055
14.8288963 1.55838272
14.8334017 1.52205687
14.8379071 1.48787088
14.8424125 1.45595116
14.8469179 1.42640193
14.8514233 1.39930473
14.8559287 1.37471816
14.8604341 1.35267776
14.8649395 1.3331961
14.8694449 1.31626309
14.8739503 1.30184645
14.8784557 1.28989236
14.8829611 1.28032629
14.8874665 1.27305404
14.8919719 1.26796283
14.8964773 1.26492264
14.9009827 1.26378764
14.9054881 1.26439769
14.9099934 1.26658006
14.9144988 1.27015106
14.9190042 1.27491795
14.9235096 1.28068072
14.928015 1.287234
14.9325204 1.29436899
14.9370258 1.30187535
14.9415312 1.30954312
14.9460366 1.31716452
14.950542 1.32453583
14.9550474 1.3314591
14.9595528 1.3377438
14.9640582 1.34320837
14.9685636 1.34768172
14.973069 1.35100448
14.9775744 1.35303024
14.9820798 1.35362656
14.9865852 1.35267589
14.9910906 1.35007626
14.995596 1.34574185
15.0001014 1.33960343
15.0046068 1.33160853
15.0091121 1.32172151
15.0136175 1.3099235
15.0181229 1.29621208
15.0226283 1.28060092
15.0271337 1.26311916
15.0316391 1.24381076
15.0361445 1.22273368
15.0406499 1.19995891
15.0451553 1.17556949
15.0496607 1.14965935
15.0541661 1.12233216
15.0586715 1.09370008
15.0631769 1.0638825
15.0676823 1.03300469
15.0721877 1.00119656
15.0766931 0.968591316
15.0811985 0.935324184
15.0857039 0.901531177
15.0902093 0.867347883
15.0947147 0.832908332
15.0992201 0.798343914
15.1037255 0.763782392
15.1082309 0.729346983
15.1127362 0.695155538
15.1172416 0.661319822
15.121747 0.627944878
15.1262524 0.595128506
15.1307578 0.562960834
15.1352632 0.531523995
15.1397686 0.500891891
15.144274 0.471130067
15.1487794 0.442295661
15.1532848 0.414437445
15.1577902 0.387595947
15.1622956 0.361803644
15.166801 0.337085213
15.1713064 0.313457855
15.1758118 0.290931655
15.1803172 0.269509993
15.1848226 0.249189985
15.189328 0.229962955
15.1938334 0.211814927
15.1983388 0.194727121
15.2028442 0.17867647
15.2073496 0.163636122
15.211855 0.149575947
15.2163603 0.136463025
15.2208657 0.124262126
15.2253711 0.112936163
15.2298765 0.102446625
15.2343819 0.0927539879
15.2388873 0.0838180923
15.2433927 0.0755984935
15.2478981 0.0680547822
15.2524035 0.0611468724
15.2569089 0.0548352593
15.2614143 0.0490812451
15.2659197 0.0438471355
15.2704251 0.0390964062
15.2749305 0.0347938417
15.2794359 0.0309056467
15.2839413 0.0273995342
15.2884467 0.0242447882
15.2929521 0.0214123071
15.2974575 0.0188746269
15.3019629 0.0166059267
15.3064683 0.0145820196
15.3109737 0.0127803293
15.315479 0.011179856
15.3199844 0.00976113157
15.3244898 0.00850616706
15.3289952 0.00739839351
15.3335006 0.00642259768
15.338006 0.00556485403
15.3425114 0.00481245408
15.3470168 0.0041538344
15.3515222 0.00357850405
15.3560276 0.0030769724
15.360533 0.00264067794
15.3650384 0.00226191886
15.3695438 0.00193378572
15.3740492 0.00165009679
15.3785546 0.00140533619
15.38306 0.00119459525
15.3875654 0.00101351708
15.3920708 0.000858244633
15.3965762 0.000725372116
15.4010816 0.000611899858
15.405587 0.000515192558
15.4100924 0.000432940828
